Pronasao sam sledece resenje:

x = (-8.500000180618501, 5.000000202020459, 6.50000149709974, -6.500000537019586, -2.9999998472483065, 0.999999879857795)
opt_fja = 6.198302428737623e-16