Pronadjena su sledeca resenja:

S1 = (2.335697559715636, 4.4712762652087745, 0.7574591631470949)
S2 = (5.400244533132606, 5.469900622186181, 3.594771578160725)

minimalna_duzina_puta = 17.568749257052175